[soe][Equalizer#0]
inputGain=-1
numBands=11
outputGain=-3

[soe][Equalizer#0#left]
band0Frequency=31
band0Gain=5.849999904632568
band0Mode=6
band0Q=1.409999966621399
band10Frequency=16000
band10Gain=5.849999904632568
band10Mode=6
band10Q=1.409999966621399
band11Type=0
band12Type=0
band13Type=0
band14Type=0
band15Type=0
band16Type=0
band17Type=0
band18Type=0
band19Type=0
band1Frequency=62
band1Gain=3.190000057220459
band1Mode=6
band1Q=1.409999966621399
band20Type=0
band21Type=0
band22Type=0
band23Type=0
band24Type=0
band25Type=0
band26Type=0
band27Type=0
band28Type=0
band29Type=0
band2Frequency=90
band2Gain=2.4600000381469727
band2Mode=6
band2Q=0.800000011920929
band30Type=0
band31Type=0
band3Frequency=124
band3Gain=1.2899999618530273
band3Mode=6
band3Q=1.409999966621399
band4Frequency=249
band4Gain=-2.990000009536743
band4Mode=6
band4Q=1.409999966621399
band5Frequency=498
band5Gain=-2.25
band5Mode=6
band5Q=1.409999966621399
band6Frequency=996
band6Gain=2.25
band6Mode=6
band6Q=1.409999966621399
band7Frequency=1995
band7Gain=3.5999999046325684
band7Mode=6
band7Q=1.409999966621399
band8Frequency=3993
band8Gain=5.849999904632568
band8Mode=6
band8Q=1.409999966621399
band9Frequency=7993
band9Gain=5.849999904632568
band9Mode=6
band9Q=1.409999966621399

[soe][Equalizer#0#right]
band0Frequency=31
band0Gain=5.849999904632568
band0Mode=6
band0Q=1.409999966621399
band10Frequency=16000
band10Gain=5.849999904632568
band10Mode=6
band10Q=1.409999966621399
band11Type=0
band12Type=0
band13Type=0
band14Type=0
band15Type=0
band16Type=0
band17Type=0
band18Type=0
band19Type=0
band1Frequency=62
band1Gain=3.190000057220459
band1Mode=6
band1Q=1.409999966621399
band20Type=0
band21Type=0
band22Type=0
band23Type=0
band24Type=0
band25Type=0
band26Type=0
band27Type=0
band28Type=0
band29Type=0
band2Frequency=90
band2Gain=2.4600000381469727
band2Mode=6
band2Q=0.800000011920929
band30Type=0
band31Type=0
band3Frequency=124
band3Gain=1.2899999618530273
band3Mode=6
band3Q=1.409999966621399
band4Frequency=249
band4Gain=-2.990000009536743
band4Mode=6
band4Q=1.409999966621399
band5Frequency=498
band5Gain=-2.25
band5Mode=6
band5Q=1.409999966621399
band6Frequency=996
band6Gain=2.25
band6Mode=6
band6Q=1.409999966621399
band7Frequency=1995
band7Gain=3.5999999046325684
band7Mode=6
band7Q=1.409999966621399
band8Frequency=3993
band8Gain=5.849999904632568
band8Mode=6
band8Q=1.409999966621399
band9Frequency=7993
band9Gain=5.849999904632568
band9Mode=6
band9Q=1.409999966621399
